# Blender v2.78 (sub 0) OBJ File: ''
# www.blender.org
mtllib realdonkey.mtl
o Donkey
v 0.000000 0.532762 -0.596786
v 0.000479 0.597960 -0.489880
v 0.013263 0.507034 -0.584801
v 0.021893 0.561845 -0.479014
v -0.013263 0.507034 -0.584801
v -0.021893 0.561845 -0.479014
v 0.000000 0.532762 -0.596786
v -0.000479 0.597960 -0.489880
v 0.000479 0.597960 -0.489880
v 0.000479 0.657246 -0.367952
v 0.021893 0.561845 -0.479014
v 0.029883 0.607229 -0.370030
v -0.021893 0.561845 -0.479014
v -0.029883 0.607229 -0.370030
v -0.000479 0.597960 -0.489880
v -0.000479 0.657246 -0.367952
v 0.121128 0.637111 0.074854
v 0.081178 0.698634 -0.230684
v 0.000000 0.674824 0.071977
v 0.000000 0.724682 -0.230045
v -0.121128 0.637111 0.074854
v -0.081178 0.698634 -0.230684
v 0.077503 0.695598 0.301929
v 0.121128 0.637111 0.074854
v 0.000000 0.722444 0.274444
v 0.000000 0.674824 0.071977
v -0.077503 0.695598 0.301929
v -0.121128 0.637111 0.074854
v 0.089009 1.028302 0.479467
v 0.067276 0.883682 0.468921
v 0.000000 1.033096 0.459332
v 0.000000 0.900462 0.452461
v -0.089009 1.028302 0.479467
v -0.067276 0.883682 0.465884
v 0.070312 0.707583 0.478029
v 0.101793 0.563283 0.420821
v 0.065678 0.775338 0.412671
v 0.077503 0.695598 0.301929
v 0.000000 0.798829 0.397010
v 0.000000 0.722444 0.274444
v -0.065678 0.775338 0.412671
v -0.077503 0.695598 0.301929
v -0.070312 0.707583 0.478029
v -0.108984 0.548582 0.419862
v 0.062002 0.766869 0.636231
v 0.073348 0.806978 0.692321
v 0.032280 0.706784 0.706383
v 0.038831 0.735068 0.760556
v 0.000000 0.697196 0.747772
v 0.000000 0.712537 0.784206
v -0.032280 0.706784 0.706383
v -0.038831 0.735068 0.760556
v -0.062002 0.766869 0.636231
v -0.073348 0.806978 0.692321
v 0.157563 0.075414 0.309120
v 0.126402 0.075414 0.317909
v 0.177538 0.029711 0.356581
v 0.117773 0.029711 0.371442
v 0.175141 -0.002888 0.370803
v 0.121288 -0.002888 0.386144
v 0.159480 0.001746 0.274603
v 0.112020 0.001906 0.283392
v 0.148614 0.122075 0.246479
v 0.123046 0.121756 0.258624
v 0.153088 0.214440 0.267253
v 0.117613 0.213960 0.280356
v 0.163475 0.235214 0.256706
v 0.102592 0.232178 0.270129
v 0.154367 0.276602 0.264696
v 0.106427 0.271009 0.278918
v 0.161078 0.435603 0.385665
v 0.101633 0.403963 0.395412
v 0.158202 0.223389 0.325899
v 0.121768 0.224667 0.339962
v 0.157563 0.075414 0.309120
v 0.126402 0.075414 0.317909
v 0.128639 0.232018 -0.349575
v 0.129758 0.085481 -0.377540
v 0.120649 0.195264 -0.403907
v 0.113138 0.104338 -0.435228
v 0.073828 0.197022 -0.404387
v 0.080379 0.103858 -0.428517
v 0.091406 0.231539 -0.341266
v 0.096519 0.084682 -0.371148
v 0.080379 0.103858 -0.428517
v 0.113138 0.104338 -0.435228
v 0.078622 0.001586 -0.394639
v 0.139825 0.001586 -0.401351
v 0.098916 0.001906 -0.296682
v 0.166831 0.001906 -0.305950
v 0.093323 0.040578 -0.323528
v 0.154846 0.035144 -0.327204
v 0.096519 0.084682 -0.371148
v 0.129758 0.085481 -0.377540
v 0.179136 0.450624 -0.187219
v 0.152449 0.447588 -0.172996
v 0.156444 0.318949 -0.272552
v 0.092045 0.307763 -0.240272
v 0.128639 0.232018 -0.349575
v 0.091406 0.231539 -0.341266
v 0.129758 0.085481 -0.377540
v 0.096519 0.084682 -0.371148
v 0.120649 0.195264 -0.403907
v 0.073828 0.197022 -0.404387
v 0.121768 0.265896 -0.403108
v 0.073828 0.269731 -0.405346
v 0.162037 0.411154 -0.335992
v 0.055770 0.412272 -0.336951
v 0.065678 0.775338 0.412671
v 0.067276 0.883682 0.468921
v 0.070312 0.707583 0.478029
v 0.069034 0.789081 0.530443
v 0.000000 0.646060 0.510948
v 0.000000 0.741301 0.569275
v -0.070312 0.707583 0.478029
v -0.069034 0.789081 0.530443
v -0.065678 0.775338 0.412671
v -0.067276 0.883682 0.465884
v 0.000000 0.798829 0.397010
v 0.000000 0.900462 0.452461
v 0.065678 0.775338 0.412671
v 0.067276 0.883682 0.468921
v 0.126402 0.075414 0.317909
v 0.121768 0.224667 0.339962
v 0.123046 0.121756 0.258624
v 0.117613 0.213960 0.280356
v 0.148614 0.122075 0.246479
v 0.153088 0.214440 0.267253
v 0.157563 0.075414 0.309120
v 0.158202 0.223389 0.325899
v 0.044584 0.787483 0.719007
v 0.043945 0.820881 0.734029
v 0.043945 0.756801 0.773659
v 0.046981 0.792117 0.794433
v 0.000000 0.739543 0.802423
v 0.000000 0.776616 0.825914
v -0.043945 0.756801 0.773659
v -0.046981 0.792117 0.794433
v -0.044584 0.787483 0.719007
v -0.043945 0.820881 0.734029
v 0.042986 0.756641 0.699991
v 0.043146 0.786844 0.718528
v 0.032919 0.728676 0.743777
v 0.033079 0.762234 0.764391
v 0.000000 0.717810 0.763432
v 0.000000 0.751048 0.783727
v -0.032919 0.728676 0.743777
v -0.033079 0.762234 0.764391
v -0.042986 0.756641 0.699991
v -0.043146 0.786844 0.718528
v 0.073029 0.772621 0.780371
v -0.073029 0.772621 0.780371
v 0.061843 0.794993 0.728276
v -0.061843 0.794993 0.728276
v 0.073348 0.806978 0.692321
v -0.073348 0.806978 0.692321
v 0.038831 0.735068 0.760556
v -0.038831 0.735068 0.760556
v -0.126402 0.075414 0.317909
v -0.157563 0.075414 0.309120
v -0.117773 0.029711 0.371442
v -0.177538 0.029711 0.356581
v -0.121288 -0.002888 0.386144
v -0.175141 -0.002888 0.370803
v -0.112020 0.001906 0.283392
v -0.159480 0.001746 0.274603
v -0.123046 0.121756 0.258624
v -0.148614 0.122075 0.246479
v -0.113618 0.213960 0.280356
v -0.150851 0.214440 0.267253
v -0.100035 0.232178 0.270129
v -0.160759 0.235214 0.256706
v -0.106427 0.271009 0.278918
v -0.150851 0.276602 0.264696
v -0.103391 0.402844 0.374479
v -0.162836 0.434325 0.364731
v -0.117133 0.224667 0.339962
v -0.153568 0.223389 0.325899
v -0.126402 0.075414 0.317909
v -0.157563 0.075414 0.309120
v -0.129758 0.085481 -0.377540
v -0.128639 0.232018 -0.349575
v -0.113138 0.104338 -0.435228
v -0.120649 0.195264 -0.403907
v -0.080379 0.103858 -0.428517
v -0.073828 0.197022 -0.404387
v -0.096519 0.084682 -0.371148
v -0.091406 0.231539 -0.341266
v -0.113138 0.104338 -0.435228
v -0.080379 0.103858 -0.428517
v -0.139825 0.001586 -0.401351
v -0.078622 0.001586 -0.394639
v -0.166831 0.001906 -0.305950
v -0.098916 0.001906 -0.296682
v -0.154846 0.035144 -0.327204
v -0.093323 0.040578 -0.323528
v -0.129758 0.085481 -0.377540
v -0.096519 0.084682 -0.371148
v -0.152449 0.441196 -0.134644
v -0.179136 0.444073 -0.149026
v -0.092045 0.307763 -0.240272
v -0.156444 0.309521 -0.252257
v -0.091406 0.231539 -0.341266
v -0.128639 0.232018 -0.349575
v -0.096519 0.084682 -0.371148
v -0.129758 0.085481 -0.377540
v -0.073828 0.197022 -0.404387
v -0.120649 0.195264 -0.403907
v -0.073828 0.269731 -0.405346
v -0.121768 0.265896 -0.403108
v -0.055770 0.412272 -0.336951
v -0.162037 0.411154 -0.335992
v -0.157563 0.075414 0.309120
v -0.153568 0.223389 0.325899
v -0.148614 0.122075 0.246479
v -0.150851 0.214440 0.267253
v -0.123046 0.121756 0.258624
v -0.113618 0.213960 0.280356
v -0.126402 0.075414 0.317909
v -0.117133 0.224667 0.339962
v -0.055770 0.412272 -0.336951
v 0.055770 0.412272 -0.336951
v -0.087890 0.347234 -0.207993
v 0.087890 0.347234 -0.207993
v -0.079580 0.290185 0.002304
v 0.079580 0.290185 0.002304
v 0.028924 1.092062 0.626004
v 0.016619 1.075123 0.651892
v 0.081498 1.063298 0.614818
v 0.088050 0.949520 0.611942
v 0.069034 0.789081 0.530443
v 0.062002 0.766869 0.636231
v 0.000000 0.741301 0.569275
v 0.000000 0.750569 0.620890
v -0.062002 0.766869 0.636231
v 0.000000 0.532762 -0.596786
v 0.013263 0.507034 -0.584801
v 0.052574 0.489935 -0.640252
v 0.000000 0.447588 -0.609091
v 0.000000 0.419464 -0.745240
v -0.052574 0.489935 -0.640252
v 0.000000 0.528607 -0.667098
v 0.000000 0.532762 -0.596786
v 0.052574 0.489935 -0.640252
v 0.000000 0.894069 0.845729
v 0.065039 0.902699 0.778134
v 0.000000 0.932102 0.796670
v 0.039630 0.932581 0.722843
v 0.000000 0.945206 0.727317
v 0.068714 1.078159 0.524851
v 0.028604 1.075602 0.476112
v 0.118891 1.179472 0.463008
v 0.063600 1.231088 0.414269
v 0.108664 1.328406 0.455657
v 0.072869 1.412461 0.436481
v 0.074467 1.421570 0.474194
v 0.053054 1.356691 0.480586
v 0.037233 1.221660 0.494968
v 0.118891 1.179472 0.463008
v 0.053054 1.356691 0.480586
v 0.108664 1.328406 0.455657
v 0.074467 1.421570 0.474194
v 0.067276 0.883682 0.468921
v 0.089009 1.028302 0.479467
v 0.113937 0.832387 0.554573
v 0.088050 0.949520 0.611942
v 0.102592 0.854439 0.617375
v 0.088050 0.949520 0.611942
v 0.089009 1.028302 0.479467
v 0.081498 1.063298 0.614818
v 0.068714 1.078159 0.524851
v -0.016619 1.075123 0.651892
v 0.000000 0.996501 0.661160
v 0.016619 1.075123 0.651892
v 0.088050 0.949520 0.611942
v 0.102592 0.854439 0.617375
v 0.062002 0.766869 0.636231
v 0.113937 0.832387 0.554573
v 0.069034 0.789081 0.530443
v 0.067276 0.883682 0.468921
v 0.148614 0.122075 0.246479
v 0.157563 0.075414 0.309120
v 0.159480 0.001746 0.274603
v 0.177538 0.029711 0.356581
v 0.175141 -0.002888 0.370803
v 0.161078 0.435603 0.385665
v 0.101793 0.563283 0.420821
v 0.101633 0.403963 0.395412
v 0.000000 0.382390 0.387742
v 0.161078 0.435603 0.385665
v 0.184409 0.425696 0.242484
v 0.146696 0.569675 0.275722
v 0.181373 0.426654 0.046089
v 0.121128 0.637111 0.074854
v 0.123046 0.121756 0.258624
v 0.112020 0.001906 0.283392
v 0.126402 0.075414 0.317909
v 0.117773 0.029711 0.371442
v 0.113138 0.104338 -0.435228
v 0.129758 0.085481 -0.377540
v 0.139825 0.001586 -0.401351
v 0.154846 0.035144 -0.327204
v 0.166831 0.001906 -0.305950
v 0.156444 0.318949 -0.272552
v 0.162037 0.411154 -0.335992
v 0.179136 0.450624 -0.187219
v 0.141423 0.539473 -0.352132
v 0.154207 0.588372 -0.168522
v 0.055770 0.412272 -0.336951
v 0.073828 0.269731 -0.405346
v 0.087890 0.347234 -0.207993
v 0.092045 0.307763 -0.240272
v 0.152449 0.447588 -0.172996
v 0.080379 0.103858 -0.428517
v 0.078622 0.001586 -0.394639
v 0.096519 0.084682 -0.371148
v 0.093323 0.040578 -0.323528
v 0.077503 0.695598 0.301929
v 0.101793 0.563283 0.420821
v 0.146696 0.569675 0.275722
v 0.161078 0.435603 0.385665
v 0.073828 0.197022 -0.404387
v 0.091406 0.231539 -0.341266
v 0.073828 0.269731 -0.405346
v 0.092045 0.307763 -0.240272
v 0.181373 0.426654 0.046089
v 0.184409 0.425696 0.242484
v 0.079580 0.290185 0.002304
v 0.112819 0.330135 0.258464
v 0.141423 0.539473 -0.352132
v 0.055770 0.412272 -0.336951
v 0.000000 0.545226 -0.388886
v -0.055770 0.412272 -0.336951
v -0.141423 0.539473 -0.352132
v 0.053054 1.356691 0.480586
v 0.072869 1.412461 0.436481
v 0.037233 1.221660 0.494968
v 0.063600 1.231088 0.414269
v 0.028604 1.075602 0.476112
v 0.029883 0.607229 -0.370030
v 0.000479 0.657246 -0.367952
v 0.081178 0.698634 -0.230684
v 0.000000 0.724682 -0.230045
v 0.032280 0.706784 0.706383
v 0.000000 0.697196 0.747772
v 0.000000 0.696876 0.672985
v -0.032280 0.706784 0.706383
v -0.062002 0.766869 0.636231
v 0.062002 0.766869 0.636231
v 0.102592 0.854439 0.617375
v 0.073348 0.806978 0.692321
v 0.051136 0.938015 0.653809
v 0.039630 0.932581 0.722843
v 0.000000 0.996501 0.661160
v 0.000000 0.945206 0.727317
v -0.039630 0.932581 0.722843
v 0.000000 0.932102 0.796670
v -0.065039 0.902699 0.778134
v 0.000000 0.894069 0.845729
v -0.073029 0.772621 0.780371
v 0.000000 0.765430 0.840136
v 0.032280 0.706784 0.706383
v 0.000000 0.696876 0.672985
v 0.062002 0.766869 0.636231
v 0.000000 0.750569 0.620890
v 0.068714 1.078159 0.524851
v 0.089009 1.028302 0.479467
v 0.028604 1.075602 0.476112
v 0.000000 1.033096 0.459332
v 0.121128 0.637111 0.074854
v 0.154207 0.588372 -0.168522
v 0.081178 0.698634 -0.230684
v 0.141423 0.539473 -0.352132
v 0.029883 0.607229 -0.370030
v 0.000000 0.545226 -0.388886
v -0.029883 0.607229 -0.370030
v -0.141423 0.539473 -0.352132
v -0.081178 0.698634 -0.230684
v -0.154207 0.581820 -0.145191
v -0.121128 0.637111 0.074854
v -0.181373 0.426654 0.045930
v 0.152449 0.447588 -0.172996
v 0.154207 0.588372 -0.168522
v 0.181373 0.426654 0.046089
v 0.121128 0.637111 0.074854
v 0.106427 0.271009 0.278918
v 0.112819 0.330135 0.258464
v 0.154367 0.276602 0.264696
v 0.184409 0.425696 0.242484
v 0.158202 0.223389 0.325899
v 0.161078 0.435603 0.385665
v 0.101633 0.403963 0.395412
v 0.112819 0.330135 0.258464
v 0.121768 0.224667 0.339962
v 0.106427 0.271009 0.278918
v 0.102592 0.232178 0.270129
v 0.101793 0.563283 0.420821
v 0.000000 0.527968 0.460451
v 0.000000 0.382390 0.387742
v -0.108984 0.548582 0.419862
v -0.103391 0.402844 0.374479
v -0.162836 0.434325 0.364731
v 0.073348 0.806978 0.692321
v 0.039630 0.932581 0.722843
v 0.061843 0.794993 0.728276
v 0.065039 0.902699 0.778134
v 0.073029 0.772621 0.780371
v 0.000000 0.894069 0.845729
v 0.000000 0.765430 0.840136
v 0.154367 0.276602 0.264696
v 0.158202 0.223389 0.325899
v 0.163475 0.235214 0.256706
v 0.153088 0.214440 0.267253
v 0.112819 0.330135 0.258464
v 0.000000 0.382390 0.387742
v -0.112819 0.330135 0.258464
v -0.103391 0.402844 0.374479
v -0.073029 0.772621 0.780371
v -0.065039 0.902699 0.778134
v -0.061843 0.794993 0.728276
v -0.039630 0.932581 0.722843
v -0.073348 0.806978 0.692321
v -0.051136 0.938015 0.653809
v -0.102592 0.854439 0.617375
v -0.088050 0.949520 0.611942
v -0.028924 1.092062 0.626004
v -0.081498 1.063298 0.614818
v -0.016619 1.075123 0.651892
v -0.088050 0.949520 0.611942
v 0.000000 0.996501 0.661160
v -0.051136 0.938015 0.653809
v -0.068714 1.078159 0.524851
v -0.118891 1.179472 0.463008
v -0.028604 1.075602 0.476112
v -0.063600 1.231088 0.414269
v -0.037233 1.221660 0.494968
v -0.072869 1.412461 0.436481
v -0.053054 1.356691 0.480586
v -0.074467 1.421570 0.474194
v -0.037233 1.221660 0.494968
v -0.053054 1.356691 0.480586
v -0.118891 1.179472 0.463008
v -0.108664 1.328406 0.455657
v -0.067276 0.883682 0.465884
v -0.113937 0.832387 0.554573
v -0.089009 1.028302 0.479467
v -0.088050 0.949520 0.611942
v -0.081498 1.063298 0.614818
v -0.081498 1.063298 0.614818
v -0.068714 1.078159 0.524851
v -0.089009 1.028302 0.479467
v -0.028604 1.075602 0.476112
v 0.000000 1.033096 0.459332
v -0.148614 0.122075 0.246479
v -0.159480 0.001746 0.274603
v -0.157563 0.075414 0.309120
v -0.177538 0.029711 0.356581
v -0.162836 0.434325 0.364731
v -0.146696 0.569675 0.275722
v -0.184409 0.425696 0.242484
v -0.181373 0.426654 0.045930
v -0.079580 0.290185 0.002304
v -0.123046 0.121756 0.258624
v -0.126402 0.075414 0.317909
v -0.112020 0.001906 0.283392
v -0.117773 0.029711 0.371442
v -0.121288 -0.002888 0.386144
v -0.113138 0.104338 -0.435228
v -0.139825 0.001586 -0.401351
v -0.129758 0.085481 -0.377540
v -0.154846 0.035144 -0.327204
v -0.055770 0.412272 -0.336951
v -0.162037 0.411154 -0.335992
v -0.141423 0.539473 -0.352132
v -0.179136 0.444073 -0.149026
v -0.154207 0.581820 -0.145191
v -0.152449 0.441196 -0.134644
v -0.055770 0.412272 -0.336951
v -0.087890 0.347234 -0.207993
v -0.073828 0.269731 -0.405346
v -0.092045 0.307763 -0.240272
v -0.091406 0.231539 -0.341266
v -0.080379 0.103858 -0.428517
v -0.096519 0.084682 -0.371148
v -0.078622 0.001586 -0.394639
v -0.093323 0.040578 -0.323528
v -0.098916 0.001906 -0.296682
v -0.077503 0.695598 0.301929
v -0.146696 0.569675 0.275722
v -0.108984 0.548582 0.419862
v -0.162836 0.434325 0.364731
v -0.074467 1.421570 0.474194
v -0.072869 1.412461 0.436481
v -0.108664 1.328406 0.455657
v -0.063600 1.231088 0.414269
v -0.118891 1.179472 0.463008
v -0.070312 0.707583 0.478029
v -0.108984 0.548582 0.419862
v 0.000000 0.646060 0.510948
v 0.000000 0.527968 0.460451
v 0.101793 0.563283 0.420821
v -0.112819 0.330135 0.258464
v -0.150851 0.276602 0.264696
v -0.184409 0.425696 0.242484
v -0.153568 0.223389 0.325899
v -0.162836 0.434325 0.364731
v 0.087890 0.347234 -0.207993
v 0.152449 0.447588 -0.172996
v 0.079580 0.290185 0.002304
v 0.181373 0.426654 0.046089
v -0.106427 0.271009 0.278918
v -0.117133 0.224667 0.339962
v -0.100035 0.232178 0.270129
v -0.113618 0.213960 0.280356
v 0.013263 0.507034 -0.584801
v -0.013263 0.507034 -0.584801
v 0.000000 0.447588 -0.609091
v -0.052574 0.489935 -0.640252
v -0.087890 0.347234 -0.207993
v -0.079580 0.290185 0.002304
v -0.152449 0.441196 -0.134644
v -0.181373 0.426654 0.045930
v -0.154207 0.581820 -0.145191
v -0.067276 0.883682 0.465884
v -0.069034 0.789081 0.530443
v -0.113937 0.832387 0.554573
v -0.062002 0.766869 0.636231
v -0.077503 0.695598 0.301929
v -0.121128 0.637111 0.074854
v -0.146696 0.569675 0.275722
v -0.181373 0.426654 0.045930
v -0.103391 0.402844 0.374479
v -0.117133 0.224667 0.339962
v -0.112819 0.330135 0.258464
v -0.106427 0.271009 0.278918
v -0.150851 0.276602 0.264696
v 0.000000 1.048916 0.424017
v 0.000000 1.033096 0.459332
v 0.000000 0.911807 0.415707
v 0.000000 0.900462 0.452461
v 0.000000 1.048916 0.424017
v 0.000000 0.911807 0.415707
v 0.000000 1.033096 0.459332
v 0.000000 0.900462 0.452461
v -0.150851 0.276602 0.264696
v -0.160759 0.235214 0.256706
v -0.153568 0.223389 0.325899
v -0.150851 0.214440 0.267253
v 0.081498 1.063298 0.614818
v 0.068714 1.078159 0.524851
v 0.026047 1.101969 0.535557
v 0.028924 1.092062 0.626004
v 0.026047 1.101969 0.535557
v 0.068714 1.078159 0.524851
v 0.118891 1.179472 0.463008
v 0.037233 1.221660 0.494968
v 0.128639 0.232018 -0.349575
v 0.121768 0.265896 -0.403108
v 0.162037 0.411154 -0.335992
v 0.156444 0.318949 -0.272552
v 0.112819 0.330135 0.258464
v -0.112819 0.330135 0.258464
v -0.079580 0.290185 0.002304
v 0.079580 0.290185 0.002304
v 0.028924 1.092062 0.626004
v -0.028924 1.092062 0.626004
v -0.016619 1.075123 0.651892
v 0.016619 1.075123 0.651892
v -0.026047 1.101969 0.535557
v -0.068714 1.078159 0.524851
v -0.081498 1.063298 0.614818
v -0.028924 1.092062 0.626004
v -0.118891 1.179472 0.463008
v -0.068714 1.078159 0.524851
v -0.026047 1.101969 0.535557
v -0.037233 1.221660 0.494968
v -0.000479 0.657246 -0.367952
v -0.029883 0.607229 -0.370030
v -0.081178 0.698634 -0.230684
v 0.000000 0.724682 -0.230045
v -0.162037 0.411154 -0.335992
v -0.121768 0.265896 -0.403108
v -0.128639 0.232018 -0.349575
v -0.156444 0.309521 -0.252257
v 0.028125 1.166688 0.634793
v 0.028924 1.092062 0.626004
v 0.026047 1.101969 0.535557
v 0.024130 1.159497 0.490973
v 0.024130 1.159497 0.490973
v 0.028604 1.075602 0.476112
v 0.000000 1.033096 0.459332
v 0.000000 1.048916 0.424017
v 0.000000 0.911807 0.415707
v 0.000000 0.900462 0.452461
v 0.000000 0.798829 0.397010
v 0.000000 0.827433 0.371762
v 0.024130 1.159497 0.490973
v -0.024130 1.159497 0.490973
v -0.028125 1.166688 0.634793
v 0.028125 1.166688 0.634793
v 0.028125 1.166688 0.634793
v -0.028125 1.166688 0.634793
v -0.028924 1.092062 0.626004
v 0.028924 1.092062 0.626004
v -0.026047 1.101969 0.535557
v -0.028924 1.092062 0.626004
v -0.028125 1.166688 0.634793
v -0.024130 1.159497 0.490973
v 0.000000 0.798829 0.397010
v 0.000000 0.900462 0.452461
v 0.000000 0.911807 0.415707
v 0.000000 0.827433 0.371762
v 0.000000 1.033096 0.459332
v -0.028604 1.075602 0.476112
v -0.024130 1.159497 0.490973
v 0.000000 1.048916 0.424017
v 0.000000 0.419464 -0.745240
v 0.000000 0.528607 -0.667098
v 0.052574 0.489935 -0.640252
v 0.055770 0.412272 -0.336951
v 0.141423 0.539473 -0.352132
v 0.162037 0.411154 -0.335992
v 0.128639 0.232018 -0.349575
v 0.120649 0.195264 -0.403907
v 0.121768 0.265896 -0.403108
v 0.000000 0.382390 0.387742
v 0.112819 0.330135 0.258464
v 0.101633 0.403963 0.395412
v 0.028604 1.075602 0.476112
v 0.026047 1.101969 0.535557
v 0.037233 1.221660 0.494968
v 0.154207 0.588372 -0.168522
v 0.152449 0.447588 -0.172996
v 0.179136 0.450624 -0.187219
v 0.000000 0.996501 0.661160
v 0.051136 0.938015 0.653809
v 0.088050 0.949520 0.611942
v 0.112020 0.001906 0.283392
v 0.121288 -0.002888 0.386144
v 0.117773 0.029711 0.371442
v 0.078622 0.001586 -0.394639
v 0.098916 0.001906 -0.296682
v 0.093323 0.040578 -0.323528
v 0.038831 0.735068 0.760556
v -0.038831 0.735068 0.760556
v 0.000000 0.712537 0.784206
v 0.073029 0.772621 0.780371
v 0.000000 0.765430 0.840136
v -0.073029 0.772621 0.780371
v -0.088050 0.949520 0.611942
v -0.113937 0.832387 0.554573
v -0.102592 0.854439 0.617375
v -0.062002 0.766869 0.636231
v -0.102592 0.854439 0.617375
v -0.113937 0.832387 0.554573
v -0.028604 1.075602 0.476112
v -0.026047 1.101969 0.535557
v -0.024130 1.159497 0.490973
v -0.128639 0.232018 -0.349575
v -0.121768 0.265896 -0.403108
v -0.120649 0.195264 -0.403907
v -0.091406 0.231539 -0.341266
v -0.073828 0.197022 -0.404387
v -0.073828 0.269731 -0.405346
v -0.108664 1.328406 0.455657
v -0.053054 1.356691 0.480586
v -0.074467 1.421570 0.474194
v -0.028604 1.075602 0.476112
v -0.037233 1.221660 0.494968
v -0.026047 1.101969 0.535557
v -0.051136 0.938015 0.653809
v -0.039630 0.932581 0.722843
v 0.000000 0.996501 0.661160
v -0.073348 0.806978 0.692321
v -0.102592 0.854439 0.617375
v -0.062002 0.766869 0.636231
v 0.000000 0.696876 0.672985
v -0.062002 0.766869 0.636231
v 0.000000 0.750569 0.620890
v -0.092045 0.307763 -0.240272
v -0.087890 0.347234 -0.207993
v -0.152449 0.441196 -0.134644
v -0.177538 0.029711 0.356581
v -0.159480 0.001746 0.274603
v -0.175141 -0.002888 0.370803
v -0.154846 0.035144 -0.327204
v -0.139825 0.001586 -0.401351
v -0.166831 0.001906 -0.305950
v -0.052574 0.489935 -0.640252
v -0.013263 0.507034 -0.584801
v 0.000000 0.532762 -0.596786
v -0.079580 0.290185 0.002304
v -0.112819 0.330135 0.258464
v -0.184409 0.425696 0.242484
v -0.162037 0.411154 -0.335992
v -0.156444 0.309521 -0.252257
v -0.179136 0.444073 -0.149026
v 0.102592 0.854439 0.617375
v 0.088050 0.949520 0.611942
v 0.051136 0.938015 0.653809
v 0.121128 0.637111 0.074854
v 0.077503 0.695598 0.301929
v 0.146696 0.569675 0.275722
v 0.024130 1.159497 0.490973
v 0.026047 1.101969 0.535557
v 0.028604 1.075602 0.476112
v -0.062002 0.766869 0.636231
v -0.069034 0.789081 0.530443
v 0.000000 0.741301 0.569275
v 0.101793 0.563283 0.420821
v 0.070312 0.707583 0.478029
v 0.000000 0.646060 0.510948
v 0.024130 1.159497 0.490973
v 0.000000 1.048916 0.424017
v -0.024130 1.159497 0.490973
v 0.000000 0.722444 0.274444
v 0.000000 0.827433 0.371762
v 0.000000 0.798829 0.397010
v 0.000000 0.798829 0.397010
v 0.000000 0.827433 0.371762
v 0.000000 0.722444 0.274444
v 0.121768 0.224667 0.339962
v 0.102592 0.232178 0.270129
v 0.117613 0.213960 0.280356
vt 0.3594 -0.0195
vt 0.5107 -0.0156
vt 0.3564 -0.0479
vt 0.5020 -0.0498
vt 0.3564 -0.0479
vt 0.5020 -0.0498
vt 0.3594 -0.0195
vt 0.5107 -0.0156
vt 0.5107 -0.0156
vt 0.6709 -0.0273
vt 0.5020 -0.0498
vt 0.6426 -0.0635
vt 0.5020 -0.0498
vt 0.6426 -0.0635
vt 0.5107 -0.0156
vt 0.6709 -0.0273
vt 0.4795 -0.6602
vt 0.1904 -0.6025
vt 0.4795 -0.6250
vt 0.1914 -0.5791
vt 0.4795 -0.6602
vt 0.1904 -0.6025
vt 0.1787 -0.6055
vt 0.4238 -0.6602
vt 0.2080 -0.5811
vt 0.4268 -0.6250
vt 0.1787 -0.6055
vt 0.4238 -0.6602
vt 0.5762 -0.0576
vt 0.5830 -0.1406
vt 0.5898 -0.0547
vt 0.5918 -0.1309
vt 0.5762 -0.0576
vt 0.5830 -0.1406
vt 0.2578 -0.8428
vt 0.0850 -0.8428
vt 0.2715 -0.7559
vt 0.0840 -0.7041
vt 0.2822 -0.7051
vt 0.0879 -0.6426
vt 0.2715 -0.7559
vt 0.0840 -0.7041
vt 0.2578 -0.8428
vt 0.0850 -0.8428
vt 0.4453 -0.3945
vt 0.4082 -0.3271
vt 0.2256 -0.5137
vt 0.1660 -0.4248
vt 0.1221 -0.5332
vt 0.0645 -0.4395
vt 0.2256 -0.5137
vt 0.1660 -0.4248
vt 0.4453 -0.3945
vt 0.4082 -0.3271
vt 0.9170 -0.8105
vt 0.9062 -0.8105
vt 0.8545 -0.9189
vt 0.8369 -0.9189
vt 0.8350 -0.9902
vt 0.8164 -0.9902
vt 0.9551 -0.9902
vt 0.9443 -0.9902
vt 0.9980 -0.7021
vt 0.9824 -0.7021
vt 0.6582 -0.2373
vt 0.6240 -0.2422
vt 0.6562 -0.2148
vt 0.6436 -0.2207
vt 0.6543 -0.1758
vt 0.6406 -0.1846
vt 0.5176 -0.0400
vt 0.5098 -0.0674
vt 0.5977 -0.2383
vt 0.5830 -0.2402
vt 0.5967 -0.3770
vt 0.5889 -0.3770
vt 0.5596 -0.2773
vt 0.5283 -0.3682
vt 0.5889 -0.3184
vt 0.5811 -0.3809
vt 0.5908 -0.3184
vt 0.5762 -0.3779
vt 0.5527 -0.2744
vt 0.5234 -0.3662
vt 0.9854 -0.7461
vt 0.9941 -0.7451
vt 0.9492 -0.9912
vt 0.9570 -0.9912
vt 0.8271 -0.9912
vt 0.8379 -0.9912
vt 0.8604 -0.8984
vt 0.8652 -0.9111
vt 0.9199 -0.7920
vt 0.9277 -0.7900
vt 0.5088 -0.0938
vt 0.4961 -0.0898
vt 0.5293 -0.1992
vt 0.5195 -0.1953
vt 0.5596 -0.2773
vt 0.5527 -0.2744
vt 0.5283 -0.3682
vt 0.5234 -0.3662
vt 0.5889 -0.3184
vt 0.5908 -0.3184
vt 0.6143 -0.2803
vt 0.6172 -0.2793
vt 0.6133 -0.1748
vt 0.6143 -0.1738
vt 0.2715 -0.7559
vt 0.4385 -0.7539
vt 0.2578 -0.8428
vt 0.3945 -0.8242
vt 0.2217 -0.9414
vt 0.3770 -0.9463
vt 0.2578 -0.8428
vt 0.3945 -0.8242
vt 0.2715 -0.7559
vt 0.4385 -0.7539
vt 0.2822 -0.7051
vt 0.4443 -0.7080
vt 0.2715 -0.7559
vt 0.4385 -0.7539
vt 0.5889 -0.3770
vt 0.5830 -0.2402
vt 0.6504 -0.3340
vt 0.6240 -0.2422
vt 0.6631 -0.3340
vt 0.6582 -0.2373
vt 0.5967 -0.3770
vt 0.5977 -0.2383
vt 0.8037 -0.7148
vt 0.8027 -0.6602
vt 0.7236 -0.7139
vt 0.7246 -0.6514
vt 0.6260 -0.7148
vt 0.6309 -0.6484
vt 0.7236 -0.7139
vt 0.7246 -0.6514
vt 0.8037 -0.7148
vt 0.8027 -0.6602
vt 0.8027 -0.7764
vt 0.8037 -0.7158
vt 0.7090 -0.7803
vt 0.7080 -0.7139
vt 0.6289 -0.7793
vt 0.6279 -0.7139
vt 0.7090 -0.7803
vt 0.7080 -0.7139
vt 0.8027 -0.7764
vt 0.8037 -0.7158
vt 0.9102 -0.4434
vt 0.9102 -0.5391
vt 0.7295 -0.4434
vt 0.7295 -0.5391
vt 0.6924 -0.4434
vt 0.6924 -0.5391
vt 0.9121 -0.4443
vt 0.9121 -0.5391
vt 0.9062 -0.8105
vt 0.9170 -0.8105
vt 0.8369 -0.9189
vt 0.8545 -0.9189
vt 0.8164 -0.9902
vt 0.8350 -0.9902
vt 0.9443 -0.9902
vt 0.9551 -0.9902
vt 0.9824 -0.7021
vt 0.9980 -0.7021
vt 0.6436 -0.2402
vt 0.6426 -0.2402
vt 0.6436 -0.2207
vt 0.6562 -0.2148
vt 0.6406 -0.1846
vt 0.6543 -0.1758
vt 0.5098 -0.0674
vt 0.5176 -0.0400
vt 0.5830 -0.2402
vt 0.5977 -0.2383
vt 0.5889 -0.3770
vt 0.5967 -0.3770
vt 0.5283 -0.3682
vt 0.5596 -0.2773
vt 0.5811 -0.3809
vt 0.5889 -0.3184
vt 0.5762 -0.3779
vt 0.5908 -0.3184
vt 0.5234 -0.3662
vt 0.5527 -0.2744
vt 0.9941 -0.7451
vt 0.9854 -0.7461
vt 0.9570 -0.9912
vt 0.9492 -0.9912
vt 0.8379 -0.9912
vt 0.8271 -0.9912
vt 0.8652 -0.9111
vt 0.8604 -0.8984
vt 0.9277 -0.7900
vt 0.9199 -0.7920
vt 0.4961 -0.0898
vt 0.5088 -0.0938
vt 0.5195 -0.1953
vt 0.5293 -0.1992
vt 0.5527 -0.2744
vt 0.5596 -0.2773
vt 0.5234 -0.3662
vt 0.5283 -0.3682
vt 0.5908 -0.3184
vt 0.5889 -0.3184
vt 0.6172 -0.2793
vt 0.6143 -0.2803
vt 0.6143 -0.1738
vt 0.6133 -0.1748
vt 0.5967 -0.3770
vt 0.5977 -0.2383
vt 0.6631 -0.3340
vt 0.6426 -0.2402
vt 0.6504 -0.3340
vt 0.6436 -0.2402
vt 0.5889 -0.3770
vt 0.5830 -0.2402
vt 0.1641 -0.8389
vt 0.0342 -0.8447
vt 0.2275 -0.8857
vt 0.1924 -0.9922
vt 0.4355 -0.9141
vt 0.4775 -0.9922
vt 0.8252 -0.0088
vt 0.7217 -0.0410
vt 0.9365 -0.0928
vt 0.9551 -0.3936
vt 0.3945 -0.8242
vt 0.4658 -0.8867
vt 0.3770 -0.9463
vt 0.4775 -0.9932
vt 0.4658 -0.8867
vt 0.6973 -0.8135
vt 0.7246 -0.8135
vt 0.7090 -0.8682
vt 0.7764 -0.8672
vt 0.7061 -0.9844
vt 0.7090 -0.8682
vt 0.6484 -0.8682
vt 0.6973 -0.8135
vt 0.7090 -0.8682
vt 0.0059 -0.1807
vt 0.1309 -0.1660
vt 0.0488 -0.0635
vt 0.2930 -0.1084
vt 0.2197 -0.0293
vt 0.5635 -0.3438
vt 0.5137 -0.3467
vt 0.6250 -0.2549
vt 0.5566 -0.2090
vt 0.6123 -0.1240
vt 0.5684 -0.0498
vt 0.5703 -0.0420
vt 0.5439 -0.0986
vt 0.6035 -0.6182
vt 0.4990 -0.6709
vt 0.6006 -0.4482
vt 0.5225 -0.4844
vt 0.5811 -0.3672
vt 0.5830 -0.1406
vt 0.5762 -0.0576
vt 0.5264 -0.1699
vt 0.4883 -0.1035
vt 0.4844 -0.1572
vt 0.4883 -0.1035
vt 0.5762 -0.0576
vt 0.4863 -0.0381
vt 0.5459 -0.0293
vt 0.6133 -0.0439
vt 0.6621 -0.2646
vt 0.7217 -0.0410
vt 0.9551 -0.3936
vt 0.5361 -0.7920
vt 0.4658 -0.8867
vt 0.4863 -0.7881
vt 0.3945 -0.8242
vt 0.4385 -0.7539
vt 0.9980 -0.7021
vt 0.9170 -0.8105
vt 0.9551 -0.9902
vt 0.8545 -0.9189
vt 0.8350 -0.9902
vt 0.1875 -0.7773
vt 0.0469 -0.8359
vt 0.2012 -0.8486
vt 0.1846 -0.9922
vt 0.1182 -0.8066
vt 0.2510 -0.8096
vt 0.2061 -0.7217
vt 0.4531 -0.8467
vt 0.4238 -0.6602
vt 0.9824 -0.7021
vt 0.9443 -0.9902
vt 0.9062 -0.8105
vt 0.8369 -0.9189
vt 0.9941 -0.7451
vt 0.9277 -0.7900
vt 0.9570 -0.9912
vt 0.8652 -0.9111
vt 0.8379 -0.9912
vt 0.5293 -0.1992
vt 0.6133 -0.1748
vt 0.5088 -0.0938
vt 0.6729 -0.1113
vt 0.5439 -0.0107
vt 0.6143 -0.1738
vt 0.6172 -0.2793
vt 0.5010 -0.1523
vt 0.5195 -0.1953
vt 0.4961 -0.0898
vt 0.9854 -0.7461
vt 0.9492 -0.9912
vt 0.9199 -0.7920
vt 0.8604 -0.8984
vt 0.0254 -0.6602
vt 0.0469 -0.8359
vt 0.1328 -0.7129
vt 0.1875 -0.7773
vt 0.5908 -0.3184
vt 0.5527 -0.2744
vt 0.6172 -0.2793
vt 0.5195 -0.1953
vt 0.4531 -0.8467
vt 0.2510 -0.8096
vt 0.5039 -0.9922
vt 0.2422 -0.8809
vt 0.0078 -0.7471
vt 0.0342 -0.8447
vt 0.0918 -0.7441
vt 0.1641 -0.8389
vt 0.1875 -0.7490
vt 0.5439 -0.0986
vt 0.5684 -0.0498
vt 0.5244 -0.2178
vt 0.5566 -0.2090
vt 0.5137 -0.3467
vt 0.0400 -0.6719
vt 0.0420 -0.6416
vt 0.1904 -0.6025
vt 0.1914 -0.5791
vt 0.2256 -0.5137
vt 0.1221 -0.5332
vt 0.2480 -0.5361
vt 0.2256 -0.5137
vt 0.4453 -0.3945
vt 0.4453 -0.3945
vt 0.5713 -0.2607
vt 0.4082 -0.3271
vt 0.4375 -0.0898
vt 0.2930 -0.1084
vt 0.4619 -0.0078
vt 0.2197 -0.0293
vt 0.2930 -0.1084
vt 0.0488 -0.0635
vt 0.1309 -0.1660
vt 0.0059 -0.1807
vt 0.1660 -0.4258
vt 0.0088 -0.4443
vt 0.2256 -0.5137
vt 0.2480 -0.5361
vt 0.4453 -0.3945
vt 0.4443 -0.4521
vt 0.5459 -0.0293
vt 0.5762 -0.0576
vt 0.5615 -0.0312
vt 0.5898 -0.0547
vt 0.4795 -0.6602
vt 0.2578 -0.7041
vt 0.1904 -0.6025
vt 0.0596 -0.7490
vt 0.0400 -0.6719
vt 0.0195 -0.7441
vt 0.0400 -0.6719
vt 0.0596 -0.7490
vt 0.1904 -0.6025
vt 0.2578 -0.7041
vt 0.4795 -0.6602
vt 0.4795 -0.8594
vt 0.2529 -0.8340
vt 0.2578 -0.7041
vt 0.4785 -0.8467
vt 0.4795 -0.6602
vt 0.6406 -0.1846
vt 0.6328 -0.1309
vt 0.6543 -0.1758
vt 0.6416 -0.0400
vt 0.5977 -0.2383
vt 0.5176 -0.0400
vt 0.5098 -0.0674
vt 0.6328 -0.1309
vt 0.5830 -0.2402
vt 0.6406 -0.1846
vt 0.6436 -0.2207
vt 0.0469 -0.8359
vt 0.0332 -0.9678
vt 0.1846 -0.9922
vt 0.0469 -0.8359
vt 0.2012 -0.8486
vt 0.1875 -0.7773
vt 0.4082 -0.3271
vt 0.2930 -0.1084
vt 0.3193 -0.3662
vt 0.1309 -0.1660
vt 0.1660 -0.4258
vt 0.0059 -0.1807
vt 0.0088 -0.4443
vt 0.6543 -0.1758
vt 0.5977 -0.2383
vt 0.6562 -0.2148
vt 0.6582 -0.2373
vt 0.2393 -0.9932
vt 0.0859 -0.9336
vt 0.2422 -0.8809
vt 0.1094 -0.8486
vt 0.1660 -0.4258
vt 0.1309 -0.1660
vt 0.3193 -0.3662
vt 0.2930 -0.1084
vt 0.4082 -0.3271
vt 0.4375 -0.0898
vt 0.5713 -0.2607
vt 0.5850 -0.0684
vt 0.8252 -0.0088
vt 0.9365 -0.0928
vt 0.7217 -0.0410
vt 0.9551 -0.3936
vt 0.6621 -0.2646
vt 0.7539 -0.4121
vt 0.5635 -0.3438
vt 0.6250 -0.2549
vt 0.5137 -0.3467
vt 0.5566 -0.2090
vt 0.5244 -0.2178
vt 0.5684 -0.0498
vt 0.5439 -0.0986
vt 0.5703 -0.0420
vt 0.6035 -0.6182
vt 0.6006 -0.4482
vt 0.4990 -0.6709
vt 0.5225 -0.4844
vt 0.5830 -0.1406
vt 0.5264 -0.1699
vt 0.5762 -0.0576
vt 0.4883 -0.1035
vt 0.4863 -0.0381
vt 0.4863 -0.0381
vt 0.5459 -0.0293
vt 0.5762 -0.0576
vt 0.5615 -0.0312
vt 0.5898 -0.0547
vt 0.9980 -0.7021
vt 0.9551 -0.9902
vt 0.9170 -0.8105
vt 0.8545 -0.9189
vt 0.1182 -0.8066
vt 0.2061 -0.7217
vt 0.2510 -0.8096
vt 0.4551 -0.8564
vt 0.5039 -0.9922
vt 0.9824 -0.7021
vt 0.9062 -0.8105
vt 0.9443 -0.9902
vt 0.8369 -0.9189
vt 0.8164 -0.9902
vt 0.9941 -0.7451
vt 0.9570 -0.9912
vt 0.9277 -0.7900
vt 0.8652 -0.9111
vt 0.6143 -0.1738
vt 0.6133 -0.1748
vt 0.6729 -0.1113
vt 0.5088 -0.0938
vt 0.5439 -0.0107
vt 0.4961 -0.0898
vt 0.6143 -0.1738
vt 0.5010 -0.1523
vt 0.6172 -0.2793
vt 0.5195 -0.1953
vt 0.5527 -0.2744
vt 0.9854 -0.7461
vt 0.9199 -0.7920
vt 0.9492 -0.9912
vt 0.8604 -0.8984
vt 0.8271 -0.9912
vt 0.0254 -0.6602
vt 0.1328 -0.7129
vt 0.0469 -0.8359
vt 0.1875 -0.7773
vt 0.5703 -0.0420
vt 0.5684 -0.0498
vt 0.6123 -0.1240
vt 0.5566 -0.2090
vt 0.6250 -0.2549
vt 0.2578 -0.8428
vt 0.0850 -0.8428
vt 0.2217 -0.9414
vt 0.0811 -0.9531
vt 0.0850 -0.8428
vt 0.6328 -0.1309
vt 0.6543 -0.1758
vt 0.6416 -0.0400
vt 0.5977 -0.2383
vt 0.5176 -0.0400
vt 0.2061 -0.9121
vt 0.2529 -0.8340
vt 0.4775 -0.9922
vt 0.4785 -0.8467
vt 0.6406 -0.1846
vt 0.5830 -0.2402
vt 0.6436 -0.2207
vt 0.6436 -0.2402
vt 0.7246 -0.8135
vt 0.7246 -0.8135
vt 0.7764 -0.8672
vt 0.7090 -0.8682
vt 0.2061 -0.9121
vt 0.4775 -0.9922
vt 0.2529 -0.8340
vt 0.4795 -0.8594
vt 0.2578 -0.7041
vt 0.4385 -0.7539
vt 0.3945 -0.8242
vt 0.4863 -0.7881
vt 0.4658 -0.8867
vt 0.1787 -0.6055
vt 0.4238 -0.6602
vt 0.2061 -0.7217
vt 0.4551 -0.8564
vt 0.5098 -0.0674
vt 0.5830 -0.2402
vt 0.6328 -0.1309
vt 0.6406 -0.1846
vt 0.6543 -0.1758
vt 0.7734 -0.8145
vt 0.7773 -0.9824
vt 0.6426 -0.8125
vt 0.6426 -0.8975
vt 0.7734 -0.8145
vt 0.6426 -0.8125
vt 0.7773 -0.9824
vt 0.6426 -0.8975
vt 0.6543 -0.1758
vt 0.6562 -0.2148
vt 0.5977 -0.2383
vt 0.6426 -0.2402
vt 0.4863 -0.0381
vt 0.5459 -0.0293
vt 0.5391 -0.0156
vt 0.4785 -0.0215
vt 0.5986 -0.7676
vt 0.5439 -0.7979
vt 0.4990 -0.6709
vt 0.6035 -0.6182
vt 0.5596 -0.2773
vt 0.6143 -0.2803
vt 0.6133 -0.1748
vt 0.5293 -0.1992
vt 0.2393 -0.9912
vt 0.2422 -0.8809
vt 0.5000 -0.8828
vt 0.4980 -0.9922
vt 0.8252 -0.0088
vt 0.6768 -0.0088
vt 0.6133 -0.0439
vt 0.7217 -0.0410
vt 0.5391 -0.0156
vt 0.5459 -0.0293
vt 0.4863 -0.0381
vt 0.4785 -0.0215
vt 0.4990 -0.6709
vt 0.5439 -0.7979
vt 0.5986 -0.7676
vt 0.6035 -0.6182
vt 0.0420 -0.6416
vt 0.0400 -0.6719
vt 0.1904 -0.6025
vt 0.1914 -0.5791
vt 0.6133 -0.1748
vt 0.6143 -0.2803
vt 0.5596 -0.2773
vt 0.5293 -0.1992
vt 0.6426 -0.8154
vt 0.6436 -0.9795
vt 0.7773 -0.9824
vt 0.7754 -0.8164
vt 0.6436 -0.8135
vt 0.6416 -0.9834
vt 0.7754 -0.9824
vt 0.7734 -0.8164
vt 0.6426 -0.8125
vt 0.6426 -0.8975
vt 0.7764 -0.9814
vt 0.7734 -0.8145
vt 0.7754 -0.8164
vt 0.7754 -0.8164
vt 0.6426 -0.8154
vt 0.6426 -0.8154
vt 0.6426 -0.8154
vt 0.6426 -0.8154
vt 0.6436 -0.9795
vt 0.6436 -0.9795
vt 0.7773 -0.9824
vt 0.6436 -0.9795
vt 0.6426 -0.8154
vt 0.7754 -0.8164
vt 0.7764 -0.9814
vt 0.6426 -0.8975
vt 0.6426 -0.8125
vt 0.7734 -0.8145
vt 0.7754 -0.9824
vt 0.6416 -0.9834
vt 0.6436 -0.8135
vt 0.7734 -0.8164
vt 0.7061 -0.9844
vt 0.6484 -0.8682
vt 0.7090 -0.8682
vt 0.6143 -0.1738
vt 0.6729 -0.1113
vt 0.6133 -0.1748
vt 0.5596 -0.2773
vt 0.5889 -0.3184
vt 0.6143 -0.2803
vt 0.0859 -0.9316
vt 0.2422 -0.8789
vt 0.1094 -0.8506
vt 0.5137 -0.3467
vt 0.5107 -0.3232
vt 0.5244 -0.2178
vt 0.5439 -0.0107
vt 0.4961 -0.0898
vt 0.5088 -0.0938
vt 0.6621 -0.2646
vt 0.7539 -0.4121
vt 0.9551 -0.3936
vt 0.9443 -0.9902
vt 0.8164 -0.9902
vt 0.8369 -0.9189
vt 0.9492 -0.9912
vt 0.8271 -0.9912
vt 0.8604 -0.8984
vt 0.9121 -0.4443
vt 0.9121 -0.5391
vt 0.9873 -0.4922
vt 0.9102 -0.4434
vt 0.9883 -0.4922
vt 0.9102 -0.5391
vt 0.4883 -0.1035
vt 0.5264 -0.1699
vt 0.4844 -0.1572
vt 0.4658 -0.8867
vt 0.5361 -0.7920
vt 0.4863 -0.7881
vt 0.6445 -0.9834
vt 0.7773 -0.9824
vt 0.7754 -0.8164
vt 0.5596 -0.2773
vt 0.6143 -0.2803
vt 0.5889 -0.3184
vt 0.5527 -0.2744
vt 0.5908 -0.3184
vt 0.6172 -0.2793
vt 0.5225 -0.4844
vt 0.6006 -0.4482
vt 0.5811 -0.3672
vt 0.5137 -0.3467
vt 0.5244 -0.2178
vt 0.5107 -0.3232
vt 0.4375 -0.0898
vt 0.2930 -0.1084
vt 0.4619 -0.0078
vt 0.4082 -0.3271
vt 0.5713 -0.2607
vt 0.4453 -0.3945
vt 0.2480 -0.5361
vt 0.4453 -0.3945
vt 0.4443 -0.4521
vt 0.5195 -0.1953
vt 0.5010 -0.1523
vt 0.4961 -0.0898
vt 0.8545 -0.9189
vt 0.9551 -0.9902
vt 0.8350 -0.9902
vt 0.8652 -0.9111
vt 0.9570 -0.9912
vt 0.8379 -0.9912
vt 0.7090 -0.8682
vt 0.7246 -0.8135
vt 0.6973 -0.8135
vt 0.5039 -0.9922
vt 0.2422 -0.8809
vt 0.2510 -0.8096
vt 0.6133 -0.1748
vt 0.5293 -0.1992
vt 0.5088 -0.0938
vt 0.5713 -0.2607
vt 0.5850 -0.0684
vt 0.4375 -0.0898
vt 0.4238 -0.6602
vt 0.1787 -0.6055
vt 0.2061 -0.7217
vt 0.7754 -0.8164
vt 0.7773 -0.9824
vt 0.6445 -0.9834
vt 0.4658 -0.8867
vt 0.3945 -0.8242
vt 0.3770 -0.9463
vt 0.0850 -0.8428
vt 0.2578 -0.8428
vt 0.2217 -0.9414
vt 0.6436 -0.8135
vt 0.7734 -0.8164
vt 0.6436 -0.8135
vt 0.6426 -0.8975
vt 0.7734 -0.8145
vt 0.7764 -0.9814
vt 0.7764 -0.9814
vt 0.7734 -0.8145
vt 0.6426 -0.8975
vt 0.5830 -0.2402
vt 0.6436 -0.2207
vt 0.6240 -0.2422
vn 0.0489 -0.0000 -0.9988
vn 0.2519 0.8612 -0.4414
vn -0.4317 0.8379 0.3340
vn -0.2871 0.5859 0.7578
vn -0.3067 -0.9514 0.0273
vn -0.2539 -0.7264 0.6386
vn 0.2519 -0.8612 -0.4414
vn 0.4455 0.5823 -0.6800
vn 0.6518 0.6265 -0.4274
vn -0.2538 -0.7265 0.6386
vn 0.6292 -0.6077 -0.4846
vn 0.2519 -0.8613 -0.4413
vn 0.2421 -0.8317 -0.4998
vn -0.0371 0.7654 -0.6424
vn 0.2070 0.6720 -0.7110
vn 0.0390 -0.0000 -0.9992
vn -0.0254 -0.0449 -0.9987
vn -0.0351 -0.7627 -0.6458
vn 0.1953 -0.6816 -0.7051
vn 0.0488 0.7826 -0.6206
vn 0.4077 0.0000 -0.9131
vn 0.0468 -0.7861 -0.6164
vn -0.0350 -0.7628 -0.6457
vn 0.3748 0.9155 -0.1464
vn 0.7634 0.6423 -0.0683
vn 0.9969 0.0079 -0.0782
vn 0.9660 0.0215 -0.2576
vn 0.3712 -0.9163 -0.1505
vn 0.7634 -0.6423 -0.0683
vn -0.3518 0.9345 0.0547
vn -0.6659 0.7459 -0.0117
vn 0.3377 0.8473 -0.4100
vn 0.7774 0.0078 -0.6289
vn 0.4078 0.0000 -0.9131
vn 0.3380 -0.8479 -0.4084
vn -0.3557 -0.9340 0.0333
vn -0.6502 -0.7595 0.0214
vn 0.0742 0.7422 0.6661
vn -0.2460 0.9685 0.0390
vn -0.0371 0.7966 0.6033
vn -0.1602 0.8498 0.5022
vn -0.1387 0.0000 0.9903
vn -0.3885 -0.0000 0.9214
vn -0.0371 -0.7966 0.6034
vn -0.1602 -0.8498 0.5021
vn 0.0742 -0.7423 0.6660
vn -0.2460 -0.9685 0.0391
vn -0.1171 0.9877 -0.1035
vn -0.6602 -0.7208 -0.2110
vn -0.3477 0.8028 -0.4844
vn -0.5971 -0.6323 -0.4937
vn -0.2620 0.3792 0.8875
vn -0.2930 -0.4708 0.8322
vn 0.6562 0.6757 0.3359
vn 0.2538 -0.8221 0.5097
vn 0.3811 0.9245 -0.0059
vn 0.4416 -0.8969 0.0234
vn 0.9041 0.4218 0.0684
vn 0.3765 -0.9171 0.1308
vn 0.8804 0.4725 -0.0409
vn 0.5314 -0.8224 0.2032
vn 0.8286 0.5315 0.1759
vn 0.5778 -0.8121 -0.0820
vn -0.4316 0.9003 -0.0566
vn -0.8842 -0.1698 0.4352
vn -0.4097 0.9013 0.1404
vn -0.3535 -0.9259 0.1328
vn -0.6602 -0.7208 -0.2109
vn -0.1408 0.9736 0.1798
vn -0.2909 0.9509 -0.1054
vn 0.8340 0.5450 -0.0859
vn 0.7929 0.6093 -0.0078
vn 0.2676 -0.9631 -0.0293
vn 0.2616 -0.9645 0.0371
vn -0.7558 -0.4765 0.4492
vn -0.5644 -0.8144 -0.1348
vn 0.3574 -0.8302 0.4278
vn 0.4803 0.6385 0.6014
vn -0.4729 -0.2775 0.8363
vn -0.2323 0.5876 0.7751
vn -0.5473 -0.6919 -0.4710
vn -0.4279 0.6468 -0.6312
vn -0.5645 -0.8144 -0.1347
vn -0.1153 0.9922 0.0469
vn 0.0273 0.9142 0.4044
vn -0.1955 0.8951 0.4006
vn -0.7268 -0.0391 0.6858
vn -0.2910 0.9509 -0.1055
vn 0.8341 0.5449 -0.0859
vn 0.4941 0.8691 0.0254
vn 0.4780 -0.8761 -0.0625
vn 0.6331 0.7679 -0.0977
vn 0.9090 -0.2463 0.3362
vn 0.3377 0.8473 -0.4099
vn -0.3519 0.9344 0.0548
vn 0.0254 0.9153 0.4020
vn -0.9332 0.0020 0.3593
vn -0.5488 -0.0000 0.8359
vn -0.3556 -0.9340 0.0332
vn 0.0254 -0.9142 0.4044
vn 0.3380 -0.8479 -0.4083
vn 0.7774 0.0078 -0.6290
vn 0.9663 0.0242 -0.2561
vn 0.3378 0.8473 -0.4100
vn 0.7633 0.6424 -0.0683
vn -0.6603 -0.7208 -0.2110
vn -0.3536 -0.9259 0.1328
vn 0.3765 -0.9171 0.1307
vn 0.9041 0.4218 0.0683
vn -0.4097 0.9014 0.1404
vn 0.0313 0.9993 0.0196
vn 0.0332 0.9990 -0.0313
vn -0.4706 0.8143 0.3398
vn -0.2167 0.9606 0.1738
vn -0.8421 0.0000 0.5393
vn -0.8383 0.0000 0.5452
vn -0.4706 -0.8143 0.3398
vn -0.2167 -0.9606 0.1737
vn 0.0312 -0.9993 0.0196
vn 0.0332 -0.9990 -0.0313
vn -0.1581 0.9820 0.1034
vn -0.1582 0.9820 0.1034
vn -0.5248 0.7863 0.3259
vn -0.3358 0.9176 0.2128
vn -0.8533 0.0000 0.5214
vn -0.8519 0.0000 0.5237
vn -0.5249 -0.7863 0.3259
vn -0.3358 -0.9176 0.2128
vn -0.1581 -0.9820 0.1035
vn 0.2558 -0.0001 0.9667
vn 0.2968 -0.0001 0.9549
vn 0.3771 0.0001 0.9262
vn 0.3494 0.0001 0.9370
vn -0.9992 -0.0000 -0.0409
vn -0.8201 -0.0000 -0.5722
vn -0.7225 -0.0000 -0.6913
vn -0.7169 0.0000 -0.6972
vn -0.6560 0.7263 -0.2050
vn -0.1270 -0.9849 -0.1173
vn -0.5971 0.6322 -0.4937
vn -0.3476 -0.8028 -0.4844
vn -0.2930 0.4708 0.8322
vn -0.2619 -0.3793 0.8874
vn 0.2539 0.8221 0.5097
vn 0.6562 -0.6757 0.3359
vn 0.4515 0.8913 0.0410
vn 0.3649 -0.9308 -0.0234
vn 0.3989 0.9052 0.1466
vn 0.9039 -0.4236 0.0586
vn 0.5487 0.8221 0.1523
vn 0.8687 -0.4919 -0.0586
vn 0.5728 0.8134 -0.1017
vn 0.8140 -0.5505 0.1854
vn -0.8963 0.0605 0.4394
vn -0.4509 -0.8919 -0.0332
vn -0.3556 0.9282 0.1094
vn -0.4353 -0.8921 0.1210
vn -0.6561 0.7263 -0.2050
vn -0.1270 -0.9850 -0.1172
vn -0.2909 -0.9509 -0.1055
vn -0.1290 -0.9710 0.2013
vn 0.7929 -0.6093 -0.0079
vn 0.8340 -0.5450 -0.0859
vn 0.2616 0.9645 0.0371
vn 0.2677 0.9631 -0.0293
vn -0.5644 0.8144 -0.1347
vn -0.7129 0.5352 0.4532
vn 0.7929 -0.6093 -0.0078
vn 0.2616 0.9645 0.0372
vn 0.4804 -0.6384 0.6014
vn 0.3574 0.8302 0.4278
vn -0.2324 -0.5876 0.7750
vn -0.4729 0.2774 0.8363
vn -0.4280 -0.6468 -0.6312
vn -0.5473 0.6918 -0.4710
vn -0.2910 -0.9509 -0.1054
vn -0.5644 0.8144 -0.1348
vn 0.0273 -0.9018 0.4314
vn -0.1054 -0.9932 0.0488
vn -0.6741 0.2696 0.6877
vn -0.1740 -0.8915 0.4183
vn -0.7129 0.5352 0.4531
vn -0.1289 -0.9710 0.2012
vn -0.2909 -0.9509 -0.1054
vn 0.2676 0.9631 -0.0293
vn 0.4781 0.8761 -0.0624
vn 0.4531 -0.8905 0.0410
vn 0.8382 0.1934 0.5099
vn 0.5490 -0.8323 -0.0762
vn -0.1270 -0.9849 -0.1172
vn -0.4353 -0.8921 0.1211
vn 0.9039 -0.4237 0.0586
vn 0.3988 0.9052 0.1466
vn -0.6560 0.7264 -0.2050
vn 0.8382 0.1934 0.5100
vn 0.9090 -0.2463 0.3363
vn 0.2048 0.0488 0.9776
vn 0.2498 -0.0234 0.9680
vn 0.1054 -0.4841 0.8687
vn 0.0157 0.4573 0.8892
vn -0.2246 0.4490 -0.8649
vn -0.8947 0.4122 -0.1720
vn -0.2950 0.9068 -0.3010
vn -0.4025 0.9066 -0.1270
vn 0.0742 0.7423 0.6660
vn 0.3925 -0.0000 0.9198
vn 0.0742 -0.7422 0.6660
vn 0.0489 -0.0001 -0.9988
vn -0.4316 0.8380 0.3340
vn 0.0566 0.9984 -0.0078
vn -0.4666 0.0000 0.8844
vn 0.8129 0.0000 0.5824
vn 0.0566 -0.9984 -0.0078
vn 0.6072 -0.0000 -0.7946
vn 0.0567 0.9984 -0.0078
vn -0.9858 -0.0000 -0.1679
vn -0.2695 0.9102 -0.3145
vn -0.3868 -0.0000 -0.9221
vn -0.1563 0.8574 -0.4903
vn -0.4300 -0.0001 -0.9028
vn -0.3280 0.8279 -0.4550
vn 0.9432 -0.2832 0.1738
vn -0.2481 0.9554 0.1602
vn 0.9564 -0.2869 0.0546
vn 0.1484 0.9822 -0.1152
vn 0.7032 -0.6758 -0.2207
vn -0.7446 0.5354 -0.3987
vn -0.9853 0.1327 -0.1073
vn -0.5020 -0.8185 -0.2793
vn -0.7445 0.5355 -0.3986
vn 0.1444 0.9816 0.1249
vn -0.4024 0.9066 -0.1271
vn -0.3730 0.9278 0.0078
vn -0.4025 0.9065 -0.1270
vn -0.2951 0.9068 -0.3010
vn -0.3281 0.8279 -0.4549
vn -0.8943 -0.4335 -0.1112
vn -0.8770 0.0000 -0.4805
vn -0.8947 0.4122 -0.1719
vn 0.0742 0.7422 0.6660
vn 0.0253 0.9153 0.4020
vn 0.7634 0.6423 -0.0684
vn -0.1172 0.9877 -0.1034
vn -0.3476 0.8028 -0.4844
vn -0.2619 0.3793 0.8874
vn -0.6658 0.7460 -0.0117
vn -0.8841 -0.1698 0.4353
vn -0.7530 -0.0292 0.6574
vn 0.0235 0.9746 0.2226
vn -0.0898 0.9390 -0.3319
vn 0.0391 0.9987 0.0333
vn -0.0371 0.7654 -0.6425
vn -0.1152 0.9922 0.0469
vn 0.5875 0.7651 -0.2635
vn 0.0254 0.9533 -0.3008
vn 0.4781 -0.8761 -0.0625
vn -0.7268 -0.0390 0.6858
vn 0.0274 0.9142 0.4044
vn 0.3575 -0.8302 0.4278
vn -0.5472 -0.6918 -0.4711
vn -0.6659 0.7460 -0.0117
vn 0.2677 -0.9631 -0.0293
vn 0.4781 -0.8761 -0.0624
vn -0.7268 -0.0390 0.6857
vn 0.0391 0.9987 0.0332
vn 0.0234 0.9746 0.2226
vn 0.0156 0.4573 0.8892
vn -0.1466 0.0274 0.9888
vn 0.9868 0.0000 0.1622
vn 0.5295 -0.8069 -0.2618
vn 0.9432 -0.2831 0.1738
vn 0.6518 0.6264 -0.4274
vn 0.2070 0.6720 -0.7111
vn -0.0371 0.7966 0.6034
vn 0.4867 -0.0000 0.8736
vn -0.0371 -0.7966 0.6033
vn 0.0743 -0.7422 0.6660
vn -0.3731 0.9278 0.0078
vn -0.2460 0.9685 0.0391
vn -0.4277 0.8399 -0.3340
vn -0.1563 0.8575 -0.4902
vn -0.4299 -0.0000 -0.9029
vn -0.1562 -0.8575 -0.4903
vn -0.3868 -0.0001 -0.9221
vn -0.2696 -0.9102 -0.3145
vn -0.5822 -0.8127 -0.0234
vn -0.9991 -0.0000 0.0429
vn -0.0372 0.7966 0.6034
vn 0.3925 -0.0000 0.9197
vn 0.3747 0.9155 -0.1464
vn 0.9969 0.0078 -0.0782
vn -0.0371 0.7655 -0.6424
vn 0.2071 0.6720 -0.7110
vn 0.1953 -0.6817 -0.7051
vn 0.0254 -0.9533 -0.3008
vn -0.0351 -0.7628 -0.6457
vn 0.0410 -0.9988 0.0254
vn 0.5778 -0.8120 -0.0820
vn -0.1465 0.0274 0.9888
vn 0.8285 0.5316 0.1759
vn 0.0235 0.9746 0.2227
vn -0.4097 0.9013 0.1405
vn -0.1466 0.0273 0.9888
vn 0.5313 -0.8224 0.2032
vn -0.9056 0.0253 0.4235
vn -0.7530 -0.0293 0.6574
vn -0.6501 -0.7595 0.0215
vn -0.8963 0.0606 0.4393
vn -0.4509 -0.8920 -0.0332
vn -0.2461 0.9685 0.0390
vn -0.1562 0.8574 -0.4903
vn 0.1171 0.9857 -0.1210
vn -0.5822 0.8127 -0.0235
vn -0.9991 -0.0000 0.0430
vn 0.8804 0.4724 -0.0410
vn -0.1522 -0.0410 0.9875
vn -0.8963 0.0605 0.4393
vn -0.5822 -0.8127 -0.0235
vn -0.2695 -0.9102 -0.3145
vn 0.1172 -0.9857 -0.1210
vn -0.1562 -0.8575 -0.4902
vn -0.2460 -0.9685 0.0390
vn -0.4277 -0.8399 -0.3340
vn -0.3731 -0.9278 0.0078
vn -0.4025 -0.9066 -0.1270
vn -0.2503 -0.4204 -0.8721
vn -0.2952 -0.9068 -0.3010
vn -0.8943 -0.4335 -0.1113
vn -0.4025 -0.9066 -0.1271
vn -0.8770 -0.0000 -0.4804
vn -0.4278 -0.8399 -0.3340
vn -0.3280 -0.8279 -0.4549
vn -0.2481 -0.9554 0.1602
vn 0.9432 0.2831 0.1738
vn 0.9564 0.2869 0.0546
vn -0.5020 0.8185 -0.2793
vn 0.7032 0.6759 -0.2207
vn -0.9853 -0.1327 -0.1074
vn -0.7445 -0.5355 -0.3987
vn -0.5020 0.8185 -0.2794
vn -0.9853 -0.1327 -0.1073
vn 0.1484 -0.9822 -0.1152
vn 0.1425 -0.9821 0.1231
vn -0.2951 -0.9068 -0.3010
vn -0.2952 -0.9068 -0.3009
vn 0.3711 -0.9163 -0.1505
vn 0.9432 0.2832 0.1738
vn 0.3648 -0.9308 -0.0234
vn -0.3476 -0.8028 -0.4845
vn -0.4509 -0.8920 -0.0331
vn -0.0859 -0.9408 -0.3279
vn 0.0254 -0.9704 0.2402
vn 0.1054 -0.4841 0.8686
vn 0.4515 0.8913 0.0411
vn 0.2538 0.8221 0.5096
vn -0.5971 0.6323 -0.4937
vn -0.2930 0.4708 0.8321
vn 0.4804 -0.6385 0.6013
vn 0.0274 -0.9018 0.4314
vn 0.2049 0.0488 0.9776
vn 0.4780 0.8761 -0.0624
vn -0.6740 0.2696 0.6877
vn -0.7130 0.5351 0.4531
vn 0.3575 0.8302 0.4278
vn -0.5472 0.6919 -0.4710
vn 0.0468 -0.7861 -0.6163
vn -0.6502 -0.7595 0.0215
vn -0.7446 -0.5354 -0.3987
vn 0.7032 0.6759 -0.2208
vn 0.9564 0.2869 0.0547
vn -0.2482 -0.9554 0.1603
vn -0.9332 0.0019 0.3592
vn -0.9055 0.0254 0.4235
vn -0.6659 0.7459 -0.0118
vn 0.8140 -0.5504 0.1855
vn 0.0157 0.4572 0.8892
vn 0.0390 0.9987 0.0332
vn 0.5728 0.8133 -0.1016
vn -0.4316 0.8379 0.3340
vn -0.4666 -0.0000 0.8845
vn 0.0567 -0.9984 -0.0078
vn 0.0273 -0.9018 0.4313
vn 0.0411 -0.9988 0.0254
vn 0.0254 -0.9533 -0.3009
vn 0.7634 -0.6423 -0.0684
vn 0.1425 -0.9821 0.1230
vn 0.0742 -0.7422 0.6661
vn 0.0410 -0.9988 0.0255
vn -0.8963 0.0606 0.4394
vn -0.3557 0.9282 0.1094
vn 0.5728 0.8133 -0.1017
vn -0.0000 1.0000 0.0000
vn -0.0000 1.0000 0.0001
vn 0.2658 -0.9635 0.0313
vn 0.0000 -1.0000 0.0001
vn 0.0391 -0.9955 0.0859
vn 0.0000 -1.0000 0.0000
vn 0.8140 -0.5505 0.1855
vn 0.9039 -0.4237 0.0585
vn -0.5858 -0.4198 -0.6932
vn -0.2245 0.4490 -0.8648
vn -0.5858 -0.4198 -0.6933
vn -0.3280 0.8279 -0.4549
vn -0.5021 -0.8185 -0.2793
vn -0.1408 0.9736 0.1799
vn 0.4941 0.8690 0.0254
vn 0.6331 0.7679 -0.0978
vn -0.1955 0.8951 0.4007
vn -0.1465 0.0273 0.9888
vn -0.2244 0.4490 -0.8649
vn -0.2503 -0.4205 -0.8721
vn -0.5858 0.4198 -0.6932
vn -0.3280 -0.8279 -0.4550
vn -0.5858 0.4199 -0.6932
vn 0.2421 -0.8316 -0.4997
vn 0.6292 -0.6077 -0.4845
vn -0.0254 -0.0450 -0.9987
vn 0.4530 -0.8905 0.0410
vn -0.1740 -0.8914 0.4184
vn 0.0293 0.9994 -0.0156
vn 0.0293 0.9995 -0.0137
vn 0.0059 0.9996 -0.0293
vn 0.1191 0.9919 -0.0449
vn 0.1191 0.9919 -0.0450
vn 0.2677 0.9634 0.0117
vn 0.2168 0.8476 0.4843
vn 0.4574 0.8876 0.0547
vn -0.0000 1.0000 -0.0001
vn 0.4882 -0.0000 -0.8727
vn 0.3162 0.0000 -0.9487
vn 0.0508 0.0000 -0.9987
vn 0.0509 0.0000 -0.9987
vn -0.9930 -0.0139 0.1176
vn -0.9929 0.0000 0.1192
vn 0.0058 -0.9996 -0.0293
vn 0.0292 -0.9995 -0.0137
vn 0.0293 -0.9994 -0.0156
vn 0.1192 -0.9919 -0.0449
vn 0.0000 -1.0000 -0.0001
vn 0.0390 -0.9955 0.0858
vn 0.2677 -0.9634 0.0117
vn 0.1190 -0.9919 -0.0449
vn 0.8130 -0.0001 0.5823
vn -0.1407 0.9736 0.1798
vn 0.4941 0.8690 0.0255
vn 0.0253 0.9533 -0.3009
vn 0.0274 0.9142 0.4043
vn -0.4025 0.9066 -0.1271
vn -0.2930 -0.4707 0.8322
vn -0.5971 -0.6322 -0.4937
vn -0.5472 -0.6919 -0.4710
vn -0.7226 0.0000 -0.6913
vn -0.7168 -0.0000 -0.6973
vn -0.6913 0.0000 -0.7226
vn 0.2558 0.0000 0.9667
vn 0.1192 0.0001 0.9929
vn 0.2968 0.0000 0.9549
vn -0.3730 -0.9278 0.0079
vn 0.2677 -0.9634 0.0118
vn 0.0058 -0.9996 -0.0292
vn 0.1191 -0.9919 -0.0449
vn 0.4519 -0.8907 0.0500
vn 0.8340 -0.5450 -0.0860
vn 0.1484 -0.9822 -0.1153
vn -0.7446 -0.5355 -0.3986
vn -0.1563 -0.8575 -0.4902
vn 0.4867 0.0001 0.8736
vn 0.3925 -0.0001 0.9198
vn -0.6740 0.2697 0.6877
vn -0.3477 -0.8028 -0.4844
vn 0.6562 -0.6757 0.3360
vn -0.2620 -0.3792 0.8875
vn 0.4803 -0.6385 0.6014
vn -0.2323 -0.5877 0.7750
vn 0.0488 0.0000 -0.9988
vn 0.0254 -0.9704 0.2401
vn 0.5490 -0.8323 -0.0763
vn -0.1054 -0.9932 0.0487
vn -0.4025 0.9066 -0.1269
vn -0.4278 0.8399 -0.3341
vn 0.1191 0.9919 -0.0448
vn 0.0059 0.9996 -0.0294
vn -0.5488 -0.0000 0.8360
vn -0.3519 0.9344 0.0547
vn -0.9332 0.0020 0.3592
vn 0.4881 0.0000 -0.8728
vn 0.8556 0.0000 -0.5176
vn 0.3766 -0.9171 0.1307
usemtl Donkey
s 1
f 1/1/1 2/2/2 3/3/3
f 2/2/2 4/4/4 3/3/3
f 3/3/3 4/4/4 5/5/5
f 4/4/4 6/6/6 5/5/5
f 5/5/5 6/6/6 7/7/1
f 6/6/6 8/8/7 7/7/1
f 9/9/2 10/10/8 11/11/4
f 10/10/8 12/12/9 11/11/4
f 11/11/4 12/12/9 13/13/10
f 12/12/9 14/14/11 13/13/10
f 13/13/10 14/14/11 15/15/12
f 14/14/11 16/16/13 15/15/12
f 17/17/14 18/18/15 19/19/16
f 18/18/15 20/20/17 19/19/16
f 19/19/16 20/20/17 21/21/18
f 20/20/17 22/22/19 21/21/18
f 23/23/20 24/24/14 25/25/21
f 24/24/14 26/26/16 25/25/21
f 25/25/21 26/26/16 27/27/22
f 26/26/16 28/28/23 27/27/22
f 29/29/24 30/30/25 31/31/26
f 30/30/25 32/32/27 31/31/26
f 31/31/26 32/32/27 33/33/28
f 32/32/27 34/34/29 33/33/28
f 35/35/30 36/36/31 37/37/32
f 36/36/31 38/38/20 37/37/32
f 37/37/32 38/38/20 39/39/33
f 38/38/20 40/40/34 39/39/33
f 39/39/33 40/40/34 41/41/35
f 40/40/34 42/42/22 41/41/35
f 41/41/35 42/42/22 43/43/36
f 42/42/22 44/44/37 43/43/36
f 45/45/38 46/46/39 47/47/40
f 46/46/39 48/48/41 47/47/40
f 47/47/40 48/48/41 49/49/42
f 48/48/41 50/50/43 49/49/42
f 49/49/42 50/50/43 51/51/44
f 50/50/43 52/52/45 51/51/44
f 51/51/44 52/52/45 53/53/46
f 52/52/45 54/54/47 53/53/46
f 55/55/48 56/56/49 57/57/50
f 56/56/49 58/58/51 57/57/50
f 57/57/50 58/58/51 59/59/52
f 58/58/51 60/60/53 59/59/52
f 59/59/52 60/60/53 61/61/54
f 60/60/53 62/62/55 61/61/54
f 61/61/54 62/62/55 63/63/56
f 62/62/55 64/64/57 63/63/56
f 65/65/58 66/66/59 67/67/60
f 66/66/59 68/68/61 67/67/60
f 67/67/60 68/68/61 69/69/62
f 68/68/61 70/70/63 69/69/62
f 71/71/64 72/72/65 73/73/66
f 72/72/65 74/74/67 73/73/66
f 73/73/66 74/74/67 75/75/48
f 74/74/67 76/76/68 75/75/48
f 77/77/69 78/78/70 79/79/71
f 78/78/70 80/80/72 79/79/71
f 79/79/71 80/80/72 81/81/73
f 80/80/72 82/82/74 81/81/73
f 81/81/73 82/82/74 83/83/75
f 82/82/74 84/84/76 83/83/75
f 85/85/74 86/86/72 87/87/77
f 86/86/72 88/88/78 87/87/77
f 87/87/77 88/88/78 89/89/79
f 88/88/78 90/90/80 89/89/79
f 89/89/79 90/90/80 91/91/81
f 90/90/80 92/92/82 91/91/81
f 91/91/81 92/92/82 93/93/83
f 92/92/82 94/94/70 93/93/83
f 95/95/84 96/96/85 97/97/86
f 96/96/85 98/98/87 97/97/86
f 97/97/86 98/98/87 99/99/69
f 98/98/87 100/100/75 99/99/69
f 99/99/69 100/100/75 101/101/88
f 100/100/75 102/102/76 101/101/88
f 103/103/89 104/104/73 105/105/90
f 104/104/73 106/106/91 105/105/90
f 105/105/90 106/106/91 107/107/92
f 106/106/91 108/108/93 107/107/92
f 109/109/94 110/110/25 111/111/95
f 110/110/25 112/112/96 111/111/95
f 111/111/95 112/112/96 113/113/97
f 112/112/96 114/114/98 113/113/97
f 113/113/97 114/114/98 115/115/99
f 114/114/98 116/116/100 115/115/99
f 115/115/99 116/116/100 117/117/101
f 116/116/100 118/118/29 117/117/101
f 117/117/101 118/118/29 119/119/102
f 118/118/29 120/120/103 119/119/102
f 119/119/102 120/120/103 121/121/104
f 120/120/103 122/122/105 121/121/104
f 123/123/106 124/124/107 125/125/57
f 124/124/107 126/126/108 125/125/57
f 125/125/57 126/126/108 127/127/56
f 126/126/108 128/128/109 127/127/56
f 127/127/56 128/128/109 129/129/48
f 128/128/109 130/130/110 129/129/48
f 131/131/111 132/132/112 133/133/113
f 132/132/112 134/134/114 133/133/113
f 133/133/113 134/134/114 135/135/115
f 134/134/114 136/136/116 135/135/115
f 135/135/115 136/136/116 137/137/117
f 136/136/116 138/138/118 137/137/117
f 137/137/117 138/138/118 139/139/119
f 138/138/118 140/140/120 139/139/119
f 141/141/121 142/142/122 143/143/123
f 142/142/122 144/144/124 143/143/123
f 143/143/123 144/144/124 145/145/125
f 144/144/124 146/146/126 145/145/125
f 145/145/125 146/146/126 147/147/127
f 146/146/126 148/148/128 147/147/127
f 147/147/127 148/148/128 149/149/129
f 148/148/128 150/150/129 149/149/129
f 151/151/130 152/152/131 153/153/132
f 152/152/131 154/154/133 153/153/132
f 153/153/132 154/154/133 155/155/134
f 154/154/133 156/156/135 155/155/134
f 155/155/134 156/156/135 157/157/136
f 156/156/135 158/158/137 157/157/136
f 159/159/138 160/160/139 161/161/140
f 160/160/139 162/162/141 161/161/140
f 161/161/140 162/162/141 163/163/142
f 162/162/141 164/164/143 163/163/142
f 163/163/142 164/164/143 165/165/144
f 164/164/143 166/166/145 165/165/144
f 165/165/144 166/166/145 167/167/146
f 166/166/145 168/168/147 167/167/146
f 169/169/148 170/170/149 171/171/150
f 170/170/149 172/172/151 171/171/150
f 171/171/150 172/172/151 173/173/152
f 172/172/151 174/174/153 173/173/152
f 175/175/154 176/176/155 177/177/156
f 176/176/155 178/178/157 177/177/156
f 177/177/156 178/178/157 179/179/158
f 178/178/157 180/180/159 179/179/158
f 181/181/160 182/182/161 183/183/162
f 182/182/161 184/184/163 183/183/162
f 183/183/162 184/184/163 185/185/164
f 184/184/163 186/186/165 185/185/164
f 185/185/164 186/186/165 187/187/166
f 186/186/165 188/188/167 187/187/166
f 189/189/168 190/190/169 191/191/170
f 190/190/169 192/192/171 191/191/170
f 191/191/170 192/192/171 193/193/172
f 192/192/171 194/194/173 193/193/172
f 193/193/172 194/194/173 195/195/174
f 194/194/173 196/196/175 195/195/174
f 195/195/174 196/196/175 197/197/176
f 196/196/175 198/198/177 197/197/176
f 199/199/178 200/200/179 201/201/180
f 200/200/179 202/202/181 201/201/180
f 201/201/180 202/202/181 203/203/182
f 202/202/181 204/204/183 203/203/182
f 203/203/182 204/204/183 205/205/166
f 204/204/183 206/206/184 205/205/166
f 207/207/185 208/208/163 209/209/186
f 208/208/163 210/210/187 209/209/186
f 209/209/186 210/210/187 211/211/188
f 210/210/187 212/212/189 211/211/188
f 213/213/190 214/214/191 215/215/147
f 214/214/191 216/216/192 215/215/147
f 215/215/147 216/216/192 217/217/146
f 216/216/192 218/218/193 217/217/146
f 217/217/146 218/218/193 219/219/194
f 218/218/193 220/220/156 219/219/194
f 221/221/195 222/222/196 223/223/197
f 222/222/196 224/224/198 223/223/197
f 223/223/197 224/224/198 225/225/199
f 224/224/198 226/226/200 225/225/199
f 227/227/201 228/228/202 229/229/203
f 228/228/202 230/230/204 229/229/203
f 231/231/96 232/232/205 233/233/98
f 232/232/205 234/234/206 233/233/98
f 233/233/98 234/234/206 235/235/207
f 236/236/208 237/237/209 238/238/210
f 237/237/209 239/239/211 238/238/210
f 238/238/210 239/239/211 240/240/212
f 239/239/211 241/241/213 240/240/212
f 240/240/212 241/241/213 242/242/214
f 241/241/213 243/243/1 242/242/214
f 242/242/214 243/243/1 244/244/215
f 245/245/216 246/246/217 247/247/218
f 246/246/217 248/248/219 247/247/218
f 247/247/218 248/248/219 249/249/220
f 250/250/221 251/251/222 252/252/223
f 251/251/222 253/253/224 252/252/223
f 252/252/223 253/253/224 254/254/225
f 253/253/224 255/255/226 254/254/225
f 254/254/225 255/255/226 256/256/227
f 255/255/226 257/257/228 256/256/227
f 258/258/229 259/259/223 260/260/228
f 259/259/223 261/261/225 260/260/228
f 260/260/228 261/261/225 262/262/230
f 263/263/25 264/264/24 265/265/231
f 264/264/24 266/266/232 265/265/231
f 265/265/231 266/266/232 267/267/233
f 268/268/234 269/269/24 270/270/235
f 269/269/24 271/271/236 270/270/235
f 272/272/237 273/273/238 274/274/239
f 273/273/238 275/275/232 274/274/239
f 276/276/233 277/277/240 278/278/231
f 277/277/240 279/279/241 278/278/231
f 278/278/231 279/279/241 280/280/242
f 281/281/56 282/282/243 283/283/54
f 282/282/243 284/284/244 283/283/54
f 283/283/54 284/284/244 285/285/245
f 286/286/64 287/287/246 288/288/247
f 287/287/246 289/289/248 288/288/247
f 290/290/64 291/291/249 292/292/250
f 291/291/249 293/293/251 292/292/250
f 292/292/250 293/293/251 294/294/252
f 295/295/57 296/296/55 297/297/106
f 296/296/55 298/298/51 297/297/106
f 299/299/72 300/300/88 301/301/78
f 300/300/88 302/302/82 301/301/78
f 301/301/78 302/302/82 303/303/80
f 304/304/86 305/305/92 306/306/253
f 305/305/92 307/307/254 306/306/253
f 306/306/253 307/307/254 308/308/255
f 309/309/196 310/310/256 311/311/198
f 310/310/256 312/312/257 311/311/198
f 311/311/198 312/312/257 313/313/258
f 314/314/74 315/315/259 316/316/76
f 315/315/259 317/317/260 316/316/76
f 318/318/20 319/319/261 320/320/250
f 319/319/261 321/321/64 320/320/250
f 322/322/262 323/323/75 324/324/263
f 323/323/75 325/325/264 324/324/263
f 326/326/265 327/327/266 328/328/267
f 327/327/266 329/329/268 328/328/267
f 330/330/254 331/331/196 332/332/269
f 331/331/196 333/333/195 332/332/269
f 332/332/269 333/333/195 334/334/270
f 335/335/228 336/336/226 337/337/229
f 336/336/226 338/338/224 337/337/229
f 337/337/229 338/338/224 339/339/271
f 340/340/272 341/341/8 342/342/273
f 341/341/8 343/343/17 342/342/273
f 344/344/274 345/345/42 346/346/275
f 345/345/42 347/347/276 346/346/275
f 346/346/275 347/347/276 348/348/277
f 349/349/38 350/350/278 351/351/279
f 350/350/278 352/352/280 351/351/279
f 351/351/279 352/352/280 353/353/281
f 352/352/280 354/354/238 353/353/281
f 353/353/281 354/354/238 355/355/282
f 354/354/238 356/356/283 355/355/282
f 355/355/282 356/356/283 357/357/284
f 356/356/283 358/358/285 357/357/284
f 357/357/284 358/358/285 359/359/216
f 358/358/285 360/360/286 359/359/216
f 359/359/216 360/360/286 361/361/287
f 362/362/288 363/363/275 364/364/240
f 363/363/275 365/365/289 364/364/240
f 366/366/236 367/367/290 368/368/222
f 367/367/290 369/369/291 368/368/222
f 370/370/292 371/371/255 372/372/293
f 371/371/255 373/373/254 372/372/293
f 372/372/293 373/373/254 374/374/9
f 373/373/254 375/375/269 374/374/9
f 374/374/9 375/375/269 376/376/11
f 375/375/269 377/377/270 376/376/11
f 376/376/11 377/377/270 378/378/294
f 377/377/270 379/379/295 378/378/294
f 378/378/294 379/379/295 380/380/296
f 379/379/295 381/381/297 380/380/296
f 382/382/85 383/383/255 384/384/265
f 383/383/255 385/385/292 384/384/265
f 386/386/298 387/387/299 388/388/300
f 387/387/299 389/389/301 388/388/300
f 388/388/300 389/389/301 390/390/302
f 389/389/301 391/391/64 390/390/302
f 392/392/65 393/393/303 394/394/107
f 393/393/303 395/395/63 394/394/107
f 394/394/107 395/395/63 396/396/304
f 397/397/246 398/398/305 399/399/306
f 398/398/305 400/400/307 399/399/306
f 399/399/306 400/400/307 401/401/308
f 400/400/307 402/402/309 401/401/308
f 403/403/310 404/404/311 405/405/312
f 404/404/311 406/406/217 405/405/312
f 405/405/312 406/406/217 407/407/313
f 406/406/217 408/408/216 407/407/313
f 407/407/313 408/408/216 409/409/314
f 410/410/62 411/411/66 412/412/315
f 411/411/66 413/413/109 412/412/315
f 414/414/299 415/415/306 416/416/316
f 415/415/306 417/417/317 416/416/316
f 418/418/318 419/419/319 420/420/320
f 419/419/319 421/421/321 420/420/320
f 420/420/320 421/421/321 422/422/322
f 421/421/321 423/423/323 422/422/322
f 422/422/322 423/423/323 424/424/324
f 423/423/323 425/425/325 424/424/324
f 426/426/326 427/427/327 428/428/328
f 427/427/327 429/429/329 428/428/328
f 428/428/328 429/429/329 430/430/330
f 429/429/329 431/431/331 430/430/330
f 432/432/332 433/433/333 434/434/334
f 433/433/333 435/435/335 434/434/334
f 434/434/334 435/435/335 436/436/336
f 435/435/335 437/437/337 436/436/336
f 436/436/336 437/437/337 438/438/338
f 437/437/337 439/439/339 438/438/338
f 440/440/340 441/441/341 442/442/333
f 441/441/341 443/443/342 442/442/333
f 444/444/29 445/445/343 446/446/28
f 445/445/343 447/447/325 446/446/28
f 446/446/28 447/447/325 448/448/344
f 449/449/345 450/450/332 451/451/346
f 450/450/332 452/452/347 451/451/346
f 451/451/346 452/452/347 453/453/291
f 454/454/348 455/455/145 456/456/159
f 455/455/145 457/457/349 456/456/159
f 458/458/350 459/459/351 460/460/352
f 459/459/351 461/461/297 460/460/352
f 460/460/352 461/461/297 462/462/353
f 463/463/354 464/464/194 465/465/355
f 464/464/194 466/466/356 465/465/355
f 465/465/355 466/466/356 467/467/357
f 468/468/168 469/469/358 470/470/160
f 469/469/358 471/471/174 470/470/160
f 472/472/188 473/473/189 474/474/270
f 473/473/189 475/475/179 474/474/270
f 474/474/270 475/475/179 476/476/295
f 475/475/179 477/477/359 476/476/295
f 478/478/188 479/479/360 480/480/361
f 479/479/360 481/481/362 480/480/361
f 480/480/361 481/481/362 482/482/363
f 483/483/164 484/484/177 485/485/364
f 484/484/177 486/486/365 485/485/364
f 485/485/364 486/486/365 487/487/173
f 488/488/366 489/489/351 490/490/367
f 489/489/351 491/491/309 490/490/367
f 492/492/368 493/493/369 494/494/342
f 493/493/369 495/495/370 494/494/342
f 494/494/342 495/495/370 496/496/371
f 497/497/99 498/498/307 499/499/372
f 498/498/307 500/500/373 499/499/372
f 499/499/372 500/500/373 501/501/374
f 502/502/316 503/503/375 504/504/352
f 503/503/375 505/505/157 504/504/352
f 504/504/352 505/505/157 506/506/309
f 507/507/198 508/508/258 509/509/376
f 508/508/258 510/510/377 509/509/376
f 511/511/378 512/512/156 513/513/150
f 512/512/156 514/514/193 513/513/150
f 515/515/379 516/516/5 517/517/380
f 516/516/5 518/518/381 517/517/380
f 519/519/360 520/520/199 521/521/382
f 520/520/199 522/522/383 521/521/382
f 521/521/382 522/522/383 523/523/384
f 524/524/385 525/525/100 526/526/386
f 525/525/100 527/527/387 526/526/386
f 528/528/22 529/529/296 530/530/351
f 529/529/296 531/531/388 530/530/351
f 532/532/389 533/533/390 534/534/316
f 533/533/390 535/535/391 534/534/316
f 534/534/316 535/535/391 536/536/153
f 537/537/392 538/538/392 539/539/393
f 538/538/392 540/540/392 539/539/393
f 541/541/394 542/542/395 543/543/396
f 542/542/395 544/544/397 543/543/396
f 545/545/398 546/546/151 547/547/157
f 546/546/151 548/548/399 547/547/157
f 549/549/235 550/550/221 551/551/400 552/552/401
f 553/553/402 554/554/403 555/555/223 556/556/404
f 557/557/405 558/558/406 559/559/407 560/560/408
f 561/561/409 562/562/316 563/563/353 564/564/200
f 565/565/410 566/566/411 567/567/328 568/568/239
f 569/569/412 570/570/332 571/571/344 572/572/411
f 573/573/333 574/574/413 575/575/414 576/576/336
f 577/577/415 578/578/416 579/579/294 580/580/417
f 581/581/189 582/582/418 583/583/183 584/584/419
f 585/585/420 586/586/421 587/587/422 588/588/423
f 589/589/424 590/590/425 591/591/426 592/592/427
f 593/593/392 594/594/428 595/595/392 596/596/392
f 597/597/429 598/598/430 599/599/431 600/600/432
f 601/601/433 602/602/434 603/603/434 604/604/434
f 605/605/435 606/606/436 607/607/437 608/608/438
f 609/609/397 610/610/439 611/611/397 612/612/397
f 613/613/440 614/614/441 615/615/442 616/616/394
f 617/617/443 618/618/214 619/619/215
f 620/620/93 621/621/254 622/622/92
f 623/623/444 624/624/71 625/625/445
f 626/626/306 627/627/303 628/628/65
f 629/629/271 630/630/400 631/631/229
f 632/632/446 633/633/447 634/634/84
f 635/635/238 636/636/280 637/637/448
f 638/638/55 639/639/449 640/640/450
f 641/641/259 642/642/79 643/643/451
f 644/644/452 645/645/453 646/646/454
f 647/647/455 648/648/456 649/649/457
f 650/650/325 651/651/343 652/652/458
f 653/653/207 654/654/324 655/655/386
f 656/656/459 657/657/460 658/658/461
f 659/659/183 660/660/462 661/661/463
f 662/662/182 663/663/185 664/664/186
f 665/665/464 666/666/341 667/667/465
f 668/668/347 669/669/336 670/670/412
f 671/671/331 672/672/466 673/673/238
f 674/674/47 675/675/324 676/676/207
f 677/677/467 678/678/277 679/679/468
f 680/680/469 681/681/360 682/682/178
f 683/683/470 684/684/471 685/685/472
f 686/686/174 687/687/473 688/688/474
f 689/689/381 690/690/5 691/691/475
f 692/692/353 693/693/316 694/694/476
f 695/695/477 696/696/419 697/697/478
f 698/698/233 699/699/479 700/700/480
f 701/701/292 702/702/20 703/703/250
f 704/704/481 705/705/482 706/706/425
f 707/707/207 708/708/100 709/709/483
f 710/710/261 711/711/484 712/712/485
f 713/713/486 714/714/487 715/715/430
f 716/716/428 717/717/393 718/718/428
f 719/719/395 720/720/397 721/721/439
f 722/722/107 723/723/304 724/724/488
